$ANSIBLE_VAULT;1.1;AES256
61666465336566343561303339326238613962333638343562396666323638323032376536346338
3434663965356532373532333962316463313062353638340a346233393939613165383161316161
64373838656461363533366436363938366461303935323436356533333737653331626431353436
3863633937383537320a633631393438313533646335633033336637343638343663653266313830
63653036353331623134666166326632663136623934353638636266613138613430313035363737
36393262366330363138646430346664646333316361373264653236343366393564376362356334
66633831373135656662613033333065386636363036316333616563376334616661373365343833
37373139313564623837343932366538633431643034366263616163636334303563376161306166
38346237633533636366663630343761366337663837666430656536386233646163613330313364
37393863303864636234356465346237326561383565333633653437633861646536363364373533
36646338666565316566636234326237306431393033393635653438383036653631666635386265
33376131363434626565303462396138646332356231333261643037326338663730616134333038
66373338646466336165396433643565343165346237343239646537616435653634633132666136
34666435306566613364353438623832623834326234643534633934396261653139313533653563
62613661633538306162626563663262333733363264623863376331313037343262613732306330
62356565313939636133363636333130633366626166383631313565333063346631636133323632
63613538366266333636623462316364343638376634383064633930663331303563643531396164
61393237643930363162363535646331366130373734363437613365373333363237393865386561
66353936363464663066373633613238376638323535313165653132316535616532306130333936
31396237636335383466303138323130323461323230396631383865363636313630316336653739
6431
