
[49m                                        [m
[49m              [38;2;0;0;0;49m▄▄▄[38;2;17;1;2;49m▄[38;2;35;3;4;49m▄[38;2;52;6;7;49m▄▄[38;2;37;4;5;49m▄[38;2;19;1;2;49m▄[38;2;0;0;0;49m▄▄▄[49m              [m
[49m          [38;2;0;0;0;49m▄[38;2;2;0;0;48;2;0;0;0m▄[38;2;84;9;12;48;2;0;0;0m▄[38;2;206;24;31;48;2;4;0;0m▄[38;2;237;28;36;48;2;62;7;9m▄[38;2;237;28;36;48;2;139;16;21m▄[38;2;237;28;36;48;2;214;25;32m▄[48;2;237;28;36m      [38;2;237;28;36;48;2;219;25;33m▄[38;2;237;28;36;48;2;145;17;22m▄[38;2;237;28;36;48;2;67;7;10m▄[38;2;212;25;32;48;2;5;0;0m▄[38;2;91;10;13;48;2;0;0;0m▄[38;2;3;0;0;48;2;0;0;0m▄[38;2;0;0;0;49m▄[49m          [m
[49m        [38;2;0;0;0;49m▄[38;2;74;8;11;48;2;0;0;0m▄[38;2;227;26;34;48;2;47;5;6m▄[38;2;237;28;36;48;2;193;22;29m▄[48;2;237;28;36m            [38;2;234;27;35;48;2;237;28;36m▄[38;2;232;27;35;48;2;237;28;36m▄[48;2;237;28;36m  [38;2;237;28;36;48;2;199;23;30m▄[38;2;231;27;35;48;2;54;6;8m▄[38;2;84;9;12;48;2;0;0;0m▄[38;2;0;0;0;49m▄[49m        [m
[49m      [38;2;0;0;0;49m▄[38;2;67;7;10;48;2;0;0;0m▄[38;2;236;27;35;48;2;102;12;15m▄[48;2;237;28;36m         [38;2;170;20;25;48;2;237;28;36m▄[38;2;84;9;12;48;2;237;28;36m▄[38;2;108;12;16;48;2;237;28;36m▄[38;2;201;23;30;48;2;237;28;36m▄[48;2;237;28;36m  [38;2;163;19;24;48;2;202;23;30m▄[38;2;0;0;0;48;2;64;7;9m▄[38;2;69;8;10;48;2;232;27;35m▄[38;2;232;27;35;48;2;237;28;36m▄[48;2;237;28;36m   [38;2;237;28;36;48;2;114;13;17m▄[38;2;75;8;11;48;2;0;0;0m▄[38;2;0;0;0;49m▄[49m      [m
[49m     [48;2;0;0;0m [38;2;185;21;28;48;2;32;3;4m▄[38;2;237;28;36;48;2;225;26;34m▄[48;2;237;28;36m    [38;2;177;21;27;48;2;237;28;36m▄[38;2;70;8;10;48;2;237;28;36m▄▄[38;2;127;15;19;48;2;237;28;36m▄[38;2;115;13;17;48;2;237;28;36m▄[38;2;0;0;0;48;2;137;16;20m▄[48;2;0;0;0m   [38;2;0;0;0;48;2;14;1;2m▄[38;2;17;2;2;48;2;195;23;29m▄[38;2;195;23;29;48;2;237;28;36m▄[38;2;84;9;12;48;2;122;14;18m▄[48;2;0;0;0m  [38;2;0;0;0;48;2;64;7;9m▄[38;2;69;8;10;48;2;232;27;35m▄[38;2;232;27;35;48;2;237;28;36m▄[48;2;237;28;36m  [38;2;237;28;36;48;2;227;26;34m▄[38;2;188;22;28;48;2;38;4;5m▄[48;2;0;0;0m [49m     [m
[49m    [48;2;0;0;0m [38;2;204;24;31;48;2;75;8;11m▄[48;2;237;28;36m     [38;2;69;8;10;48;2;187;22;28m▄[38;2;0;0;0;48;2;3;0;0m▄[48;2;0;0;0m          [38;2;0;0;0;48;2;15;1;2m▄[38;2;0;0;0;48;2;3;0;0m▄[48;2;0;0;0m    [38;2;0;0;0;48;2;66;7;10m▄[38;2;62;7;9;48;2;229;27;34m▄[38;2;229;27;34;48;2;237;28;36m▄[48;2;237;28;36m  [38;2;208;24;31;48;2;81;9;12m▄[48;2;0;0;0m [49m    [m
[49m   [48;2;0;0;0m [38;2;134;15;20;48;2;59;6;8m▄[48;2;237;28;36m      [38;2;31;3;4;48;2;13;1;2m▄[48;2;0;0;0m               [38;2;7;0;1;48;2;0;0;0m▄[38;2;78;9;11;48;2;0;0;0m▄[38;2;120;14;18;48;2;0;0;0m▄[38;2;164;19;25;48;2;0;0;0m▄[38;2;204;24;31;48;2;62;7;9m▄[38;2;236;27;35;48;2;229;27;34m▄[48;2;237;28;36m  [38;2;135;15;20;48;2;61;7;9m▄[48;2;0;0;0m [49m   [m
[49m   [38;2;5;0;0;48;2;0;0;0m▄[38;2;237;28;36;48;2;206;24;31m▄[48;2;237;28;36m     [38;2;143;16;21;48;2;237;28;36m▄[38;2;1;0;0;48;2;98;11;14m▄[48;2;0;0;0m               [38;2;0;0;0;48;2;13;1;2m▄[38;2;17;2;2;48;2;190;22;28m▄[38;2;195;23;29;48;2;237;28;36m▄[48;2;237;28;36m     [38;2;237;28;36;48;2;206;24;31m▄[38;2;10;1;1;48;2;0;0;0m▄[49m   [m
[49m  [38;2;0;0;0;49m▄[38;2;50;6;7;48;2;30;3;4m▄[48;2;237;28;36m    [38;2;235;27;35;48;2;237;28;36m▄[38;2;15;1;2;48;2;149;17;22m▄[48;2;0;0;0m                   [38;2;0;0;0;48;2;16;1;2m▄[38;2;92;10;14;48;2;204;24;31m▄[48;2;237;28;36m     [38;2;62;7;9;48;2;38;4;5m▄[38;2;0;0;0;49m▄[49m  [m
[49m   [48;2;0;0;0m     [38;2;0;0;0;48;2;2;0;0m▄[38;2;127;15;19;48;2;226;26;34m▄[48;2;237;28;36m                    [38;2;52;6;8;48;2;151;17;23m▄[48;2;0;0;0m      [49;38;2;0;0;0m▀[49m  [m
[49m   [48;2;0;0;0m      [38;2;0;0;0;48;2;3;0;0m▄[38;2;99;11;15;48;2;155;18;23m▄[48;2;237;28;36m             [38;2;182;21;27;48;2;237;28;36m▄[38;2;137;16;20;48;2;237;28;36m▄[38;2;209;24;31;48;2;237;28;36m▄[38;2;234;27;35;48;2;237;28;36m▄[38;2;77;9;11;48;2;235;27;35m▄[38;2;0;0;0;48;2;79;9;12m▄[48;2;0;0;0m       [49m   [m
[49m   [48;2;0;0;0m      [38;2;133;15;20;48;2;15;1;2m▄[38;2;144;17;21;48;2;219;25;33m▄[38;2;22;2;3;48;2;229;27;34m▄[38;2;162;19;24;48;2;159;18;24m▄[48;2;237;28;36m          [38;2;47;5;7;48;2;115;13;17m▄[48;2;0;0;0m  [38;2;0;0;0;48;2;2;0;0m▄[38;2;0;0;0;48;2;54;6;8m▄[48;2;0;0;0m         [49m   [m
[49m    [48;2;0;0;0m     [38;2;0;0;0;48;2;34;4;5m▄[48;2;0;0;0m [38;2;152;18;23;48;2;55;6;8m▄[38;2;75;8;11;48;2;237;28;36m▄[38;2;12;1;1;48;2;178;21;27m▄[38;2;217;25;33;48;2;145;17;22m▄[48;2;237;28;36m [38;2;226;26;34;48;2;237;28;36m▄[48;2;237;28;36m      [38;2;223;26;33;48;2;113;13;17m▄[38;2;12;1;1;48;2;0;0;0m▄[48;2;0;0;0m           [49m    [m
[49m     [48;2;0;0;0m     [38;2;0;0;0;48;2;6;0;0m▄[38;2;0;0;0;48;2;3;0;0m▄[38;2;18;2;2;48;2;0;0;0m▄[38;2;119;14;18;48;2;121;14;18m▄[38;2;12;1;1;48;2;220;26;33m▄[38;2;0;0;0;48;2;101;12;15m▄[38;2;0;0;0;48;2;100;11;15m▄[38;2;120;14;18;48;2;237;28;36m▄[48;2;237;28;36m   [38;2;224;26;34;48;2;237;28;36m▄[38;2;48;5;7;48;2;227;26;34m▄[38;2;0;0;0;48;2;54;6;8m▄[48;2;0;0;0m           [49m     [m
[49m      [49;38;2;0;0;0m▀[48;2;0;0;0m           [38;2;0;0;0;48;2;83;9;12m▄[38;2;0;0;0;48;2;212;25;32m▄[38;2;0;0;0;48;2;185;21;28m▄[38;2;0;0;0;48;2;40;4;6m▄[48;2;0;0;0m           [49;38;2;0;0;0m▀[49m      [m
[49m        [49;38;2;0;0;0m▀[48;2;0;0;0m                      [49;38;2;0;0;0m▀[49m        [m
[49m          [49;38;2;0;0;0m▀▀[48;2;0;0;0m                [49;38;2;0;0;0m▀▀[49m          [m
[49m              [49;38;2;0;0;0m▀▀▀▀▀[48;2;0;0;0m  [49;38;2;0;0;0m▀▀▀▀▀[49m              [m
[49m                                        [m
