$ANSIBLE_VAULT;1.1;AES256
63366231316539663261383335346133613562643162656137303831343732326632623963643763
3161363964333665666230363830306462376566373566320a626564643863313737643637346261
65363738623430343238323332663038376361326631326236313538326435383636356661366664
6336393230633133300a383635316132383230383637363537343833643463326339343938623665
32393964336539346337386364346337313765656433346566326564636662343834386438326239
35336331623035343163666361303465616464366237636263343561376236626436303232376337
64373936353138343532396534633165306266646161633130316263343135663332616166343136
65323430333263613635626165306162616531343031303138643365323938643737623536643231
62353765323966616633306630666233656262336234366431343363303265323234383132386565
30333732616537633764393062656464323937373230633235323233326434643637666430316330
35303137656163313432333766343564643437663930323732313762316133616632616163313139
63636363636462383930323265306234386266663438366439643535323435653333333064363965
31303833653635336531353336643830373730626534633038326631373862613334386230373761
64366564393031346133373436343631323534303965666537396366323563323031313437653737
37633366393064336266353837653163313530646264396137663630633235396434386664336330
30636631303564656462366436303666346461373364303038316561626636643961356164626136
61353838643631623466306135303734326136316537353363323734363833333832
