$ANSIBLE_VAULT;1.1;AES256
64356466366231626364333066653666623434353137626633386631363764613566633366336137
6531383634306639363934646136363132613833623132630a643731353363643564393436313461
64396539653465373633306333376662663437343737396461663466336437643466343934643635
6561666161343333620a356635323939346636373738386663356338323334366434376633313732
66613564323137336264343432363465326331323738396563313863326564393366663466623464
61666566653939353965663838396464613539623962653133393239396464663831323933626361
66343632343037613533653437393633343462333364636539666638616262656335306239306565
31616161393464343738366333363866623162623735643032303239326237343031393064616162
65613538626462336134376431663835653834343638643536663533323965343236326631643337
34666139366439626264653164646334663565663764396131373661313537356230303637383762
61383833396139336332363734373061333936363766623162393139623962313031343936633964
32386239663230346238623761653730316561383062376333323365306334326466396365323032
6663
