$ANSIBLE_VAULT;1.1;AES256
63316131613633663631376564356132326432666164666132623764336535383963363436616433
6331613938386263653832326362396536343539306364360a616532303538356162626530386635
33636439616634643633636433373938663233303130343937656332323136303831613231616537
6436643137336236320a386363663633633965653833623164393438663265343230646238323363
62346365343938396463653035666436666432306234313062386334326536666336653038376634
31356261303633306434636538656561333537383434616566366631343637623030633534393732
37626435303861353934303438383166356666353666363232316663633161356537636235303432
66633564313331363966623831636166333532373465343931303335356230636635303731663366
61393539336536376261393339656462653436626239326437643837396131616630623431333934
35313365323733313861623638336462393737316164656166653638353933656137653735366635
36336366313736393531303436386135343231643133346166333935386530333137656439616130
39633731343562613737633932613536366439323466343438653965613461653731363132393361
39356130323563346162383230343237323332393365376264643764333231613234643930663062
37666331333835613965306164306262333132633734623665643364316139663330326364313232
31646135616534316238363463313237386334643334373431333133376164383937663362336337
32613061623266623334353136376362383838366332653433376330326533636165343465326638
65613433646462316161326165636634613739393962313864663262663832623237326330353831
64353637396266623235303137383565323735363835363538626639386632663936323439313633
34386236653665396463336338613766363136336439306439656265396565396432333162386466
34656235383538646136376661646531323032623939346131376635343332363332313439636165
34366666653332353430343264653536633065613566633263396237343735346461373836626130
35396164363538353138363334393061346234646662636363633264383762346533663331663031
38306337323865313530353231323438656563306364383836616664363066343036393361373064
31333930396435326330636538383433323466393838356138366334636334346335646161613566
36313637343033613935393665623339643561353165386639326231376131353936636632306361
30363230356463613437323635333766323731353731303334336363383465323238333739653432
37633839326361383762353136313361646438353132653230383239333234383364633230363338
39316566336136613537313132633137326636396331633736343161613831373634636266636535
38636538643237613061646362616566343831383130306237643962643138393462383565313533
30643936386139623536313234663237313532343430336636666436636537653932653434366264
32343931653534373063373331356236643133383334333335326639663438313336313238363365
30306335323836383063316339626633333964393930653439363936663662313061353036626661
62636138366632353932613536383133653639636264393966663262383061343236643563636566
63353766613533643434366635383935653839306431666331356662643631613764383135623731
63616564363261323139623031313236383263396333623562383166656261653734653534663264
35393762376534343835653263336263396564653862326132653933323038353264366536393534
66396530626364623264623964303865613932303766393636323036623363376539383433303930
32343136356334313936643831376566323531376430356164366463616638376439343137666439
61303162346565323961623637633465386533373731383433343863376632663430663761363834
37393163646661653234663435626562326166623437623437353334326433613162613830366235
30346262643933373833663339363437363463656663653762663364383536643162353034666533
65633266653737663430633066363432633435383365303061393236643662383433666235303064
36373262313862643031383162373838376138373131343964363665653165646565363530303765
39666361636530363961383735343864326336336239343736353137663661646339393736366266
33653361623939306336373134333834616438383439626664653737383432363032666333373363
30356236626435653530383530383965613437313264653234616637633132333237373838346130
63646664333930363230373564396363623634616237366335346133323238663965343933353531
39393136306362323561333364376261383230663730376430333133313835356463373933663037
63636438373331613134663231373061656439653738616131616235646538393864353632353763
33386430316432356165363265386562353738343133636239316361623731356433363164333234
65316566623061306136653562356565646261663032393233353834323466653337653037346230
64373366373264316231666566323733396662366433366538313539343464636239386465616665
30373833333139373832643266333033356132633233393339306436613365666433313730633863
39323634303031306538346162633333313731646162336135356465303738336363613937396662
38323664643838313039386464323336623239306533333565373137326230653965636364666539
35353438366564326138383638393134633463616464643564656266323739333030613061373364
62383430333636316535393961613231383632303962386365616637356666356435303738393964
35326665303331323666633466643466663230316333633633323065373034356438393430623865
65383662303836656366653933313030356463366466613134646362623865386534346139663162
62396431326536366661373539643162333537343165343732613466366535396333303231336261
32653830633938353264393236326237323761353466626362326632666637303965636133333565
37663637656165393365373364663932383866343766366331343966323939613362633334633430
39653966633532636535643363343663346135333836643966313865343532363531653237306133
35363337323134383764643462333734313063323836343535303434313536653165653565323663
32663064663064376139303637616466373931626637396339653037303538333632336232303464
35383032313039633932666663613737313035393561343939306134346135353739666535633532
36373332383238373666623130663565363233666264623663313232336636396436396431303536
63346266656135653862623263393237303834613531376134376331376561313764663439393738
64373363393364663636666366666366333666366464363233393137393965366463376565336262
63396664346334653635323538353665336331383836343239656662623135323334613039366530
38346338376566633264363664323938666236346136343638633862376462303736373862333263
38636464666262366438663065633530613362386233353733346132653062623462373139346535
64396265366136343234303165613862646564643136636531393166613364373931616664353638
61343332353465303264316561333232353139346438303762383466386434376232303963323834
31663631663134616462373564326661343037366366646539326264383561386664316361633266
39306431316233393766333361626436366561633464636637353164616330303238303633316435
30346663376231623836623832663235313935393863333838363562313134666665326632343262
32616563336332343236633731383131386330343030326139373665326130373238333632363765
36663036626163646134633030626633303330343762646433616139333639316333346562333437
32653763353332346634383665346539303066326333633531623163343533333762393866636365
61646139633734353837363235643662393932623139666462636437313434343037613062396435
62383133396638316531356336303130633637613738633734366339356666383836393934373633
37666161623434353730653236666530626237366566313631613930373964356262333562663863
31623266383539356231356331383138336661363639316333336531363238623634626439373766
63316437643863653332623433653437326632303034323939353034353066393331653633346339
61663138626134353836353038616533373939333964393063646333353537303061373261323331
37613131633862316666346261623830323534643335666331376561353665613632346338346662
31363133373534323265346530303537616238303231636537663032386265383138356461616131
34633433383533393631633838323165623531663866616463363162326630396535376632663632
35333764343137316434623065336166313432313830393066326532613935613261633664666333
61346538356163376664626132636639323733656463613430366332613830663134613131656664
39353633653665363965336238343930366463653636646534326232616438633530663832313735
32613862373330663438653930653262623462626463623331356431376530623365373431336635
66356266373235313836383133613063303839613131353064623738393238306462636262613761
38383361623839326231383339353266306566653539656530336537363936613431343231336539
61376262636234383531646435393261303265366464383938306664633537383136623661373336
63646438393331323230653233303030383266623534306230366265393261616137613230363063
64633661643066623966313632383034363466363933383535356563653437313633643834363034
34353732386630323934373431363033303338333438306330623038633165373230646562383233
39663838333435663562
